1411247143729,0.125,-0.203,-0.078,1.213,3.792,-6.737,-52.216,21.667,-1.465
1411247143731,0.156,-0.172,-0.094,1.213,3.792,-6.737,-52.826,21.667,-1.709
1411247143797,0.125,-0.203,-0.063,-6.805,-9.331,-14.938,-53.619,22.156,-1.678
1411247143932,0.156,-0.203,-0.063,-14.343,-0.061,-1.297,-53.894,22.400,-2.197
1411247144067,0.141,-0.203,-0.063,-14.343,-0.061,-1.297,-53.925,22.125,-1.831
1411247144201,0.141,-0.203,-0.063,-11.833,8.911,4.150,-53.925,22.125,-1.831
1411247144337,0.141,-0.188,-0.078,7.294,46.501,-2.617,-53.345,21.454,-1.648
1411247144539,0.156,-0.188,-0.078,7.294,46.501,-2.617,-52.704,21.210,-1.526
1411247144607,0.156,-0.219,-0.047,-4.570,72.273,-11.917,-51.270,21.423,-2.167
1411247144742,0.172,-0.297,-0.109,-37.758,-25.780,70.457,-49.561,20.172,-1.648
1411247144877,0.172,-0.328,0.000,-103.226,-196.655,209.686,-48.981,18.280,0.092
1411247145012,0.203,-0.266,-0.031,-103.226,-196.655,209.686,-53.436,12.054,0.916
1411247145214,0.000,-0.141,0.000,-33.257,-55.901,78.323,-59.174,13.367,-3.021
1411247145349,0.000,-0.141,0.063,46.661,23.354,-57.152,-59.174,13.367,-3.021
1411247145484,0.016,-0.188,0.047,46.661,23.354,-57.152,-59.723,13.672,-3.693
1411247145619,0.063,-0.266,0.016,47.127,81.238,-81.139,-57.831,13.306,-1.251
1411247145755,0.094,-0.297,0.000,22.675,55.817,-61.058,-54.230,13.550,1.434
1411247145889,0.078,-0.266,-0.016,22.675,55.817,-61.058,-52.368,13.885,1.801
1411247146025,0.125,-0.250,-0.016,2.502,31.174,-35.080,-50.537,14.923,1.984
1411247146159,0.125,-0.313,0.016,-36.575,17.410,-13.496,-49.530,15.045,1.648
1411247146431,0.094,-0.234,-0.016,-7.454,15.350,3.067,-49.377,15.045,1.862
1411247146632,0.109,-0.234,-0.031,-7.454,15.350,3.067,-49.377,15.045,1.862
1411247146633,0.109,-0.203,-0.031,-2.449,11.253,-8.965,-48.981,15.015,1.556
1411247146700,0.156,-0.219,-0.031,13.908,13.206,6.004,-48.645,14.832,1.801
1411247146834,0.141,-0.188,-0.047,13.908,13.206,6.004,-48.553,15.167,1.617
1411247146969,0.125,-0.219,0.016,21.149,-5.989,-3.128,-48.431,15.198,1.434
1411247147172,0.125,-0.203,-0.078,18.227,13.176,-20.462,-48.584,15.594,1.282
1411247147306,0.141,-0.234,-0.047,18.227,13.176,-20.462,-48.767,16.113,1.678
1411247147442,0.141,-0.203,-0.094,-9.583,17.570,-28.191,-48.462,16.327,0.916
1411247147576,0.172,-0.156,-0.094,2.304,24.147,-10.826,-48.462,16.327,0.916
1411247147712,0.172,-0.156,-0.094,-16.441,23.254,9.285,-48.248,16.968,0.641
1411247147851,0.141,-0.156,-0.078,-16.441,23.254,9.285,-47.791,16.571,0.458
1411247147981,0.172,-0.172,-0.047,7.858,5.852,5.058,-46.906,15.717,0.427
1411247148117,0.125,-0.188,-0.031,7.927,-15.884,16.510,-46.875,15.411,0.305
1411247148252,0.141,-0.281,-0.047,7.927,-15.884,16.510,-47.241,15.808,0.336
1411247148387,0.125,-0.297,-0.016,-39.490,-104.836,105.675,-48.492,13.458,2.228
1411247148523,0.078,-0.375,-0.078,-60.677,-100.456,175.537,-53.497,10.315,0.946
1411247148791,0.078,-0.250,-0.016,-60.677,-100.456,175.537,-53.497,10.315,0.946
1411247148927,0.031,-0.156,0.031,-3.616,1.045,24.658,-55.664,10.193,-0.549
1411247148994,-0.016,-0.188,0.031,89.920,36.118,-87.708,-57.434,11.414,-1.923
1411247149129,0.047,-0.250,0.031,93.254,56.740,-74.944,-56.610,13.794,0.092
1411247149264,0.109,-0.313,0.000,93.254,56.740,-74.944,-55.695,15.076,1.251
1411247149399,0.109,-0.281,0.000,54.459,50.880,-39.864,-52.917,17.426,2.136
1411247149534,0.109,-0.250,-0.031,-45.189,21.034,-5.424,-51.361,17.975,1.678
1411247149669,0.109,-0.219,-0.047,-45.189,21.034,-5.424,-50.323,16.968,1.556
1411247149804,0.094,-0.234,0.000,-17.082,-17.021,12.177,-50.323,16.968,1.556
1411247149939,0.094,-0.234,0.016,20.737,4.715,-8.156,-48.950,13.763,2.380
1411247150075,0.094,-0.234,-0.016,20.737,4.715,-8.156,-49.194,14.374,1.740
1411247150209,0.141,-0.234,0.000,25.093,-2.792,6.943,-49.988,15.686,1.984
1411247150344,0.109,-0.219,-0.031,3.334,-2.823,5.730,-50.751,16.815,1.282
1411247150480,0.109,-0.234,-0.016,-5.783,4.829,-13.588,-50.720,16.663,1.587
1411247150681,0.109,-0.219,-0.031,-5.783,4.829,-13.588,-50.964,16.754,1.801
1411247150817,0.125,-0.234,-0.047,-4.707,18.036,-17.502,-50.629,16.693,1.648
1411247150951,0.141,-0.203,-0.047,-9.613,10.178,16.098,-50.629,16.693,1.648
1411247151154,0.141,-0.203,-0.063,-9.613,10.178,16.098,-50.476,16.937,1.953
1411247151222,0.141,-0.203,-0.063,2.365,21.454,7.057,-49.713,15.900,1.984
1411247151424,0.141,-0.188,-0.078,7.576,37.392,-25.810,-48.370,14.282,2.075
1411247151559,0.125,-0.203,-0.047,7.576,37.392,-25.810,-48.126,15.533,1.434
1411247151626,0.078,-0.250,-0.016,9.674,15.953,-12.680,-47.974,16.724,0.488
1411247151829,0.094,-0.328,-0.031,-5.287,-74.554,89.745,-48.126,16.174,1.160
1411247151897,0.156,-0.328,0.016,-63.347,-146.294,150.696,-50.598,12.756,2.319
1411247152031,0.141,-0.266,0.016,-63.347,-146.294,150.696,-50.598,12.756,2.319
1411247152167,0.016,-0.188,0.078,-4.936,-54.497,18.784,-56.519,11.658,-0.488
1411247152302,-0.047,-0.172,0.078,50.034,22.713,-44.456,-58.258,12.573,-2.258
1411247152436,0.016,-0.203,0.063,50.034,22.713,-44.456,-59.540,14.740,-1.984
1411247152639,0.063,-0.266,0.047,-0.504,61.829,-40.611,-58.014,15.289,0.153
1411247152774,0.063,-0.266,0.031,-3.769,69.527,-51.720,-56.335,14.740,0.641
1411247152909,0.063,-0.266,0.016,-3.769,69.527,-51.720,-52.704,13.916,2.228
